001122334450,23
001122334451,23
001122334452,23
001122334453,23
001122334454,23
001122334455,23
001122334456,23
001122334457,23
001122334458,23

001122334460,23
001122334461,23
001122334462,23
001122334463,23
001122334464,23
001122334465,23
001122334466,23
001122334467,23
001122334468,23

001122334470,23
001122334471,23
001122334472,23
001122334473,23
001122334474,23
001122334475,23
001122334476,23
001122334477,23
001122334478,23

001122334480,23
001122334481,23
001122334482,23
001122334483,23
001122334484,23
001122334485,23
001122334486,23
001122334487,23
001122334488,23

001122334490,08
001122334491,09
