001122334450,24
001122334451,24
001122334452,24
001122334453,24
001122334454,24
001122334455,24
001122334456,24
001122334457,24
001122334458,24

001122334460,1
001122334461,2
001122334462,3
001122334463,4
001122334464,5
001122334465,6
001122334466,7
001122334467,8
001122334468,9

001122334470,24
001122334471,24
001122334472,24
001122334473,24
001122334474,24
001122334475,24
001122334476,24
001122334477,24
001122334478,24

001122334480,24
001122334481,24
001122334482,24
001122334483,24
001122334484,24
001122334485,24
001122334486,24
001122334487,24
001122334488,24

001122334490,23
001122334491,23
